1 	1 	1 	1 	1 	1 	Молодой ёжик 	1 	
2 	1 	2 	1 	1 	2 	Ёж 	2 	
3 	1 	3 	1 	1 	3 	Старший ёж 	2 	
4 	1 	4 	1 	1 	4 	Ёжик в кепке 	3 	
5 	1 	5 	1 	1 	5 	Ежище 	4 	rb
6 	2 	1 	1 	2 	7 	Молодой заяц-русак 	0 	
7 	2 	1 	2 	2 	8 	Молодой заяц-русак 	14 	
8 	2 	2 	1 	2 	9 	Заяц-русак 	0 	
9 	2 	2 	2 	2 	10 	Заяц-русак 	18 	
10 	2 	3 	1 	2 	12 	Сильный заяц-русак 	0 	
11 	2 	3 	2 	2 	13 	Сильный заяц-русак 	23 	
12 	2 	4 	1 	2 	14 	Опытный заяц-русак 	0 	
13 	2 	4 	2 	2 	16 	Опытный заяц-русак 	29 	
14 	2 	5 	1 	2 	17 	Вожак зайцев-русаков 	0 	rb
15 	2 	5 	2 	2 	19 	Вожак зайцев-русаков 	34 	rb
16 	3 	1 	1 	2 	20 	Лисёнок 	0 	
17 	3 	1 	2 	2 	22 	Лисёнок 	44 	
18 	3 	2 	1 	2 	24 	Молодой лис 	0 	
19 	3 	2 	2 	2 	25 	Молодой лис 	50 	
20 	3 	3 	1 	2 	27 	Лис 	0 	
21 	3 	3 	2 	2 	29 	Лис 	58 	
22 	3 	4 	1 	2 	31 	Опытный лис 	0 	
23 	3 	4 	2 	2 	32 	Опытный лис 	64 	
24 	3 	5 	1 	2 	34 	Лис-главарь 	0 	rb
25 	3 	5 	2 	2 	36 	Лис-главарь 	72 	rb
26 	4 	1 	1 	3 	38 	Волчёнок 	0 	
27 	4 	1 	2 	3 	40 	Волчёнок 	0 	
28 	4 	1 	3 	3 	42 	Волчёнок 	139 	
29 	4 	2 	1 	3 	45 	Молодой волк 	0 	
30 	4 	2 	2 	3 	47 	Молодой волк 	0 	
31 	4 	2 	3 	3 	49 	Молодой волк 	162 	
32 	4 	3 	1 	3 	52 	Волк 	0 	
33 	4 	3 	2 	3 	54 	Волк 	0 	
34 	4 	3 	3 	3 	56 	Волк 	185 	
35 	4 	4 	1 	3 	59 	Матёрый волк 	0 	
36 	4 	4 	2 	3 	62 	Матёрый волк 	0 	
37 	4 	4 	3 	3 	64 	Матёрый волк 	211 	
38 	4 	5 	1 	3 	67 	Волк-вожак 	0 	rb
39 	4 	5 	2 	3 	70 	Волк-вожак 	0 	rb
40 	4 	5 	3 	3 	73 	Волк-вожак 	241 	rb
41 	5 	1 	1 	3 	75 	Медвежонок 	0 	
42 	5 	1 	2 	3 	78 	Медвежонок 	0 	
43 	5 	1 	3 	3 	82 	Медвежонок 	295 	
44 	5 	2 	1 	3 	85 	Молодой медведь 	0 	
45 	5 	2 	2 	3 	88 	Молодой медведь 	0 	
46 	5 	2 	3 	3 	91 	Молодой медведь 	328 	
47 	5 	3 	1 	3 	95 	Медведь-лежебока 	0 	
48 	5 	3 	2 	3 	98 	Медведь-лежебока 	0 	
49 	5 	3 	3 	3 	102 	Медведь-лежебока 	367 	
50 	5 	4 	1 	3 	105 	Медведь 	0 	
51 	5 	4 	2 	3 	109 	Медведь 	0 	
52 	5 	4 	3 	3 	113 	Медведь 	407 	
53 	5 	5 	1 	3 	117 	Гигантский медведь 	0 	rb
54 	5 	5 	2 	3 	121 	Гигантский медведь 	0 	rb
55 	5 	5 	3 	3 	125 	Гигантский медведь 	450 	rb
56 	6 	1 	1 	4 	129 	Молодая куница 	0 	
57 	6 	1 	2 	4 	133 	Молодая куница 	0 	
58 	6 	1 	3 	4 	138 	Молодая куница 	0 	
59 	6 	1 	4 	4 	142 	Молодая куница 	738 	
60 	6 	2 	1 	4 	147 	Куница 	0 	
61 	6 	2 	2 	4 	151 	Куница 	0 	
62 	6 	2 	3 	4 	156 	Куница 	0 	
63 	6 	2 	4 	4 	161 	Куница 	837 	
64 	6 	3 	1 	4 	166 	Сильная куница 	0 	
65 	6 	3 	2 	4 	171 	Сильная куница 	0 	
66 	6 	3 	3 	4 	176 	Сильная куница 	0 	
67 	6 	3 	4 	4 	182 	Сильная куница 	946 	
68 	6 	4 	1 	4 	187 	Опытная куница 	0 	
69 	6 	4 	2 	4 	193 	Опытная куница 	0 	
70 	6 	4 	3 	4 	198 	Опытная куница 	0 	
71 	6 	4 	4 	4 	204 	Опытная куница 	1061 	
72 	6 	5 	1 	4 	210 	Предводительница куниц 	0 	rb
73 	6 	5 	2 	4 	216 	Предводительница куниц 	0 	rb
74 	6 	5 	3 	4 	223 	Предводительница куниц 	0 	rb
75 	6 	5 	4 	4 	229 	Предводительница куниц 	1191 	rb
76 	7 	1 	1 	4 	236 	Молодой барсук 	0 	
77 	7 	1 	2 	4 	242 	Молодой барсук 	0 	
78 	7 	1 	3 	4 	249 	Молодой барсук 	0 	
79 	7 	1 	4 	4 	256 	Молодой барсук 	1434 	
80 	7 	2 	1 	4 	263 	Ленивый барсук 	0 	
81 	7 	2 	2 	4 	271 	Ленивый барсук 	0 	
82 	7 	2 	3 	4 	278 	Ленивый барсук 	0 	
83 	7 	2 	4 	4 	286 	Ленивый барсук 	1602 	
84 	7 	3 	1 	4 	293 	Барсук 	0 	
85 	7 	3 	2 	4 	301 	Барсук 	0 	
86 	7 	3 	3 	4 	309 	Барсук 	0 	
87 	7 	3 	4 	4 	318 	Барсук 	1781 	
88 	7 	4 	1 	4 	326 	Барсук-атлет 	0 	
89 	7 	4 	2 	4 	335 	Барсук-атлет 	0 	
90 	7 	4 	3 	4 	344 	Барсук-атлет 	0 	
91 	7 	4 	4 	4 	353 	Барсук-атлет 	1977 	
92 	7 	5 	1 	4 	362 	Главарь барсуков 	0 	rb
93 	7 	5 	2 	4 	371 	Главарь барсуков 	0 	rb
94 	7 	5 	3 	4 	381 	Главарь барсуков 	0 	rb
95 	7 	5 	4 	4 	391 	Главарь барсуков 	2190 	rb
96 	8 	1 	1 	5 	401 	Молодой бурундук 	0 	
97 	8 	1 	2 	5 	411 	Молодой бурундук 	0 	
98 	8 	1 	3 	5 	422 	Молодой бурундук 	0 	
99 	8 	1 	4 	5 	432 	Молодой бурундук 	0 	
100 	8 	1 	5 	5 	443 	Молодой бурундук 	3323 	
101 	8 	2 	1 	5 	454 	Бурундук 	0 	
102 	8 	2 	2 	5 	466 	Бурундук 	0 	
103 	8 	2 	3 	5 	477 	Бурундук 	0 	
104 	8 	2 	4 	5 	489 	Бурундук 	0 	
105 	8 	2 	5 	5 	501 	Бурундук 	3758 	
106 	8 	3 	1 	5 	514 	Сильный бурундук 	0 	
107 	8 	3 	2 	5 	526 	Сильный бурундук 	0 	
108 	8 	3 	3 	5 	539 	Сильный бурундук 	0 	
109 	8 	3 	4 	5 	552 	Сильный бурундук 	0 	
110 	8 	3 	5 	5 	566 	Сильный бурундук 	4245 	
111 	8 	4 	1 	5 	580 	Опытный бурундук 	0 	
112 	8 	4 	2 	5 	593 	Опытный бурундук 	0 	
113 	8 	4 	3 	5 	608 	Опытный бурундук 	0 	
114 	8 	4 	4 	5 	622 	Опытный бурундук 	0 	
115 	8 	4 	5 	5 	637 	Опытный бурундук 	4778 	
116 	8 	5 	1 	5 	652 	Главарь бурундуков 	0 	rb
117 	8 	5 	2 	5 	668 	Главарь бурундуков 	0 	rb
118 	8 	5 	3 	5 	684 	Главарь бурундуков 	0 	rb
119 	8 	5 	4 	5 	700 	Главарь бурундуков 	0 	rb
120 	8 	5 	5 	5 	716 	Главарь бурундуков 	5370 	rb
121 	9 	1 	1 	5 	733 	Бельчонок 	0 	
122 	9 	1 	2 	5 	750 	Бельчонок 	0 	
123 	9 	1 	3 	5 	768 	Бельчонок 	0 	
124 	9 	1 	4 	5 	786 	Бельчонок 	0 	
125 	9 	1 	5 	5 	804 	Бельчонок 	6432 	
126 	9 	2 	1 	5 	822 	Молодая белка 	0 	
127 	9 	2 	2 	5 	841 	Молодая белка 	0 	
128 	9 	2 	3 	5 	861 	Молодая белка 	0 	
129 	9 	2 	4 	5 	880 	Молодая белка 	0 	
130 	9 	2 	5 	5 	901 	Молодая белка 	7208 	
131 	9 	3 	1 	5 	921 	Белка 	0 	
132 	9 	3 	2 	5 	942 	Белка 	0 	
133 	9 	3 	3 	5 	963 	Белка 	0 	
134 	9 	3 	4 	5 	985 	Белка 	0 	
135 	9 	3 	5 	5 	1008 	Белка 	8064 	
136 	9 	4 	1 	5 	1030 	Сытая белка 	0 	
137 	9 	4 	2 	5 	1053 	Сытая белка 	0 	
138 	9 	4 	3 	5 	1077 	Сытая белка 	0 	
139 	9 	4 	4 	5 	1101 	Сытая белка 	0 	
140 	9 	4 	5 	5 	1126 	Сытая белка 	9008 	
141 	9 	5 	1 	5 	1151 	Белка-сопелка 	0 	rb
142 	9 	5 	2 	5 	1176 	Белка-сопелка 	0 	rb
143 	9 	5 	3 	5 	1202 	Белка-сопелка 	0 	rb
144 	9 	5 	4 	5 	1229 	Белка-сопелка 	0 	rb
145 	9 	5 	5 	5 	1256 	Белка-сопелка 	10048 	rb
146 	10 	1 	1 	6 	1283 	Лосёнок 	0 	
147 	10 	1 	2 	6 	1312 	Лосёнок 	0 	
148 	10 	1 	3 	6 	1340 	Лосёнок 	0 	
149 	10 	1 	4 	6 	1370 	Лосёнок 	0 	
150 	10 	1 	5 	6 	1400 	Лосёнок 	0 	
151 	10 	1 	6 	6 	1430 	Лосёнок 	14586 	
152 	10 	2 	1 	6 	1461 	Молодой лось 	0 	
153 	10 	2 	2 	6 	1493 	Молодой лось 	0 	
154 	10 	2 	3 	6 	1525 	Молодой лось 	0 	
155 	10 	2 	4 	6 	1558 	Молодой лось 	0 	
156 	10 	2 	5 	6 	1592 	Молодой лось 	0 	
157 	10 	2 	6 	6 	1626 	Молодой лось 	16585 	
158 	10 	3 	1 	6 	1661 	Лосиха 	0 	
159 	10 	3 	2 	6 	1696 	Лосиха 	0 	
160 	10 	3 	3 	6 	1733 	Лосиха 	0 	
161 	10 	3 	4 	6 	1770 	Лосиха 	0 	
162 	10 	3 	5 	6 	1807 	Лосиха 	0 	
163 	10 	3 	6 	6 	1846 	Лосиха 	18829 	
164 	10 	4 	1 	6 	1885 	Лось 	0 	
165 	10 	4 	2 	6 	1925 	Лось 	0 	
166 	10 	4 	3 	6 	1965 	Лось 	0 	
167 	10 	4 	4 	6 	2007 	Лось 	0 	
168 	10 	4 	5 	6 	2049 	Лось 	0 	
169 	10 	4 	6 	6 	2092 	Лось 	21338 	
170 	10 	5 	1 	6 	2136 	Главарь лосей 	0 	rb
171 	10 	5 	2 	6 	2181 	Главарь лосей 	0 	rb
172 	10 	5 	3 	6 	2227 	Главарь лосей 	0 	rb
173 	10 	5 	4 	6 	2273 	Главарь лосей 	0 	rb
174 	10 	5 	5 	6 	2321 	Главарь лосей 	0 	rb
175 	10 	5 	6 	6 	2369 	Главарь лосей 	24164 	rb
176 	11 	1 	1 	6 	2418 	Молодой зубр 	0 	
177 	11 	1 	2 	6 	2469 	Молодой зубр 	0 	
178 	11 	1 	3 	6 	2520 	Молодой зубр 	0 	
179 	11 	1 	4 	6 	2572 	Молодой зубр 	0 	
180 	11 	1 	5 	6 	2625 	Молодой зубр 	0 	
181 	11 	1 	6 	6 	2679 	Молодой зубр 	28933 	
182 	11 	2 	1 	6 	2735 	Зубр 	0 	
183 	11 	2 	2 	6 	2791 	Зубр 	0 	
184 	11 	2 	3 	6 	2848 	Зубр 	0 	
185 	11 	2 	4 	6 	2907 	Зубр 	0 	
186 	11 	2 	5 	6 	2966 	Зубр 	0 	
187 	11 	2 	6 	6 	3027 	Зубр 	32692 	
188 	11 	3 	1 	6 	3089 	Зубр-мыслитель 	0 	
189 	11 	3 	2 	6 	3152 	Зубр-мыслитель 	0 	
190 	11 	3 	3 	6 	3216 	Зубр-мыслитель 	0 	
191 	11 	3 	4 	6 	3281 	Зубр-мыслитель 	0 	
192 	11 	3 	5 	6 	3348 	Зубр-мыслитель 	0 	
193 	11 	3 	6 	6 	3416 	Зубр-мыслитель 	36893 	
194 	11 	4 	1 	6 	3485 	Сильный зубр 	0 	
195 	11 	4 	2 	6 	3556 	Сильный зубр 	0 	
196 	11 	4 	3 	6 	3627 	Сильный зубр 	0 	
197 	11 	4 	4 	6 	3701 	Сильный зубр 	0 	
198 	11 	4 	5 	6 	3775 	Сильный зубр 	0 	
199 	11 	4 	6 	6 	3851 	Сильный зубр 	41591 	
200 	11 	5 	1 	6 	3929 	Вожак зубров 	0 	rb
201 	11 	5 	2 	6 	4007 	Вожак зубров 	0 	rb
202 	11 	5 	3 	6 	4088 	Вожак зубров 	0 	rb
203 	11 	5 	4 	6 	4170 	Вожак зубров 	0 	rb
204 	11 	5 	5 	6 	4253 	Вожак зубров 	0 	rb
205 	11 	5 	6 	6 	4338 	Вожак зубров 	46850 	rb
206 	12 	1 	1 	7 	4425 	Молодой кабан 	0 	
207 	12 	1 	2 	7 	4513 	Молодой кабан 	0 	
208 	12 	1 	3 	7 	4603 	Молодой кабан 	0 	
209 	12 	1 	4 	7 	4694 	Молодой кабан 	0 	
210 	12 	1 	5 	7 	4787 	Молодой кабан 	0 	
211 	12 	1 	6 	7 	4882 	Молодой кабан 	0 	
212 	12 	1 	7 	7 	4979 	Молодой кабан 	66221 	
213 	12 	2 	1 	7 	5077 	Суровый кабан 	0 	
214 	12 	2 	2 	7 	5178 	Суровый кабан 	0 	
215 	12 	2 	3 	7 	5280 	Суровый кабан 	0 	
216 	12 	2 	4 	7 	5384 	Суровый кабан 	0 	
217 	12 	2 	5 	7 	5490 	Суровый кабан 	0 	
218 	12 	2 	6 	7 	5598 	Суровый кабан 	0 	
219 	12 	2 	7 	7 	5708 	Суровый кабан 	75916 	
220 	12 	3 	1 	7 	5820 	Кабан 	0 	
221 	12 	3 	2 	7 	5935 	Кабан 	0 	
222 	12 	3 	3 	7 	6051 	Кабан 	0 	
223 	12 	3 	4 	7 	6169 	Кабан 	0 	
224 	12 	3 	5 	7 	6290 	Кабан 	0 	
225 	12 	3 	6 	7 	6413 	Кабан 	0 	
226 	12 	3 	7 	7 	6538 	Кабан 	86955 	
227 	12 	4 	1 	7 	6665 	Сильный кабан 	0 	
228 	12 	4 	2 	7 	6795 	Сильный кабан 	0 	
229 	12 	4 	3 	7 	6927 	Сильный кабан 	0 	
230 	12 	4 	4 	7 	7062 	Сильный кабан 	0 	
231 	12 	4 	5 	7 	7199 	Сильный кабан 	0 	
232 	12 	4 	6 	7 	7339 	Сильный кабан 	0 	
233 	12 	4 	7 	7 	7481 	Сильный кабан 	99497 	
234 	12 	5 	1 	7 	7626 	Главный кабан 	0 	rb
235 	12 	5 	2 	7 	7773 	Главный кабан 	0 	rb
236 	12 	5 	3 	7 	7923 	Главный кабан 	0 	rb
237 	12 	5 	4 	7 	8076 	Главный кабан 	0 	rb
238 	12 	5 	5 	7 	8232 	Главный кабан 	0 	rb
239 	12 	5 	6 	7 	8390 	Главный кабан 	0 	rb
240 	12 	5 	7 	7 	8552 	Главный кабан 	113742 	rb
241 	13 	1 	1 	7 	8716 	Молодая выдра 	0 	
242 	13 	1 	2 	7 	8884 	Молодая выдра 	0 	
243 	13 	1 	3 	7 	9054 	Молодая выдра 	0 	
244 	13 	1 	4 	7 	9228 	Молодая выдра 	0 	
245 	13 	1 	5 	7 	9405 	Молодая выдра 	0 	
246 	13 	1 	6 	7 	9585 	Молодая выдра 	0 	
247 	13 	1 	7 	7 	9768 	Молодая выдра 	136752 	
248 	13 	2 	1 	7 	9955 	Выдра 	0 	
249 	13 	2 	2 	7 	10145 	Выдра 	0 	
250 	13 	2 	3 	7 	10338 	Выдра 	0 	
251 	13 	2 	4 	7 	10535 	Выдра 	0 	
252 	13 	2 	5 	7 	10736 	Выдра 	0 	
253 	13 	2 	6 	7 	10940 	Выдра 	0 	
254 	13 	2 	7 	7 	11148 	Выдра 	156072 	
255 	13 	3 	1 	7 	11360 	Выдра-мыслитель 	0 	
256 	13 	3 	2 	7 	11576 	Выдра-мыслитель 	0 	
257 	13 	3 	3 	7 	11795 	Выдра-мыслитель 	0 	
258 	13 	3 	4 	7 	12019 	Выдра-мыслитель 	0 	
259 	13 	3 	5 	7 	12246 	Выдра-мыслитель 	0 	
260 	13 	3 	6 	7 	12478 	Выдра-мыслитель 	0 	
261 	13 	3 	7 	7 	12714 	Выдра-мыслитель 	177996 	
262 	13 	4 	1 	7 	12954 	Сильная выдра 	0 	
263 	13 	4 	2 	7 	13199 	Сильная выдра 	0 	
264 	13 	4 	3 	7 	13447 	Сильная выдра 	0 	
265 	13 	4 	4 	7 	13701 	Сильная выдра 	0 	
266 	13 	4 	5 	7 	13959 	Сильная выдра 	0 	
267 	13 	4 	6 	7 	14221 	Сильная выдра 	0 	
268 	13 	4 	7 	7 	14489 	Сильная выдра 	202846 	
269 	13 	5 	1 	7 	14761 	Старшая выдра 	0 	rb
270 	13 	5 	2 	7 	15038 	Старшая выдра 	0 	rb
271 	13 	5 	3 	7 	15320 	Старшая выдра 	0 	rb
272 	13 	5 	4 	7 	15607 	Старшая выдра 	0 	rb
273 	13 	5 	5 	7 	15900 	Старшая выдра 	0 	rb
274 	13 	5 	6 	7 	16197 	Старшая выдра 	0 	rb
275 	13 	5 	7 	7 	16500 	Старшая выдра 	231000 	rb
276 	14 	1 	1 	8 	16809 	Молодой енот 	0 	
277 	14 	1 	2 	8 	17123 	Молодой енот 	0 	
278 	14 	1 	3 	8 	17442 	Молодой енот 	0 	
279 	14 	1 	4 	8 	17768 	Молодой енот 	0 	
280 	14 	1 	5 	8 	18099 	Молодой енот 	0 	
281 	14 	1 	6 	8 	18436 	Молодой енот 	0 	
282 	14 	1 	7 	8 	18779 	Молодой енот 	0 	
283 	14 	1 	8 	8 	19128 	Молодой енот 	321350 	
284 	14 	2 	1 	8 	19484 	Енот 	0 	
285 	14 	2 	2 	8 	19846 	Енот 	0 	
286 	14 	2 	3 	8 	20214 	Енот 	0 	
287 	14 	2 	4 	8 	20589 	Енот 	0 	
288 	14 	2 	5 	8 	20971 	Енот 	0 	
289 	14 	2 	6 	8 	21359 	Енот 	0 	
290 	14 	2 	7 	8 	21755 	Енот 	0 	
291 	14 	2 	8 	8 	22157 	Енот 	372238 	
292 	14 	3 	1 	8 	22567 	Енот-сказочник 	0 	
293 	14 	3 	2 	8 	22984 	Енот-сказочник 	0 	
294 	14 	3 	3 	8 	23408 	Енот-сказочник 	0 	
295 	14 	3 	4 	8 	23840 	Енот-сказочник 	0 	
296 	14 	3 	5 	8 	24280 	Енот-сказочник 	0 	
297 	14 	3 	6 	8 	24727 	Енот-сказочник 	0 	
298 	14 	3 	7 	8 	25182 	Енот-сказочник 	0 	
299 	14 	3 	8 	8 	25646 	Енот-сказочник 	430853 	
300 	14 	4 	1 	8 	26118 	Сильный енот 	0 	
301 	14 	4 	2 	8 	26598 	Сильный енот 	0 	
302 	14 	4 	3 	8 	27086 	Сильный енот 	0 	
303 	14 	4 	4 	8 	27584 	Сильный енот 	0 	
304 	14 	4 	5 	8 	28090 	Сильный енот 	0 	
305 	14 	4 	6 	8 	28605 	Сильный енот 	0 	
306 	14 	4 	7 	8 	29129 	Сильный енот 	0 	
307 	14 	4 	8 	8 	29663 	Сильный енот 	498338 	
308 	14 	5 	1 	8 	30206 	Педводитель енотов 	0 	rb
309 	14 	5 	2 	8 	30759 	Педводитель енотов 	0 	rb
310 	14 	5 	3 	8 	31321 	Педводитель енотов 	0 	rb
311 	14 	5 	4 	8 	31893 	Педводитель енотов 	0 	rb
312 	14 	5 	5 	8 	32476 	Педводитель енотов 	0 	rb
313 	14 	5 	6 	8 	33069 	Педводитель енотов 	0 	rb
314 	14 	5 	7 	8 	33672 	Педводитель енотов 	0 	rb
315 	14 	5 	8 	8 	34286 	Педводитель енотов 	576005 	rb
316 	15 	1 	1 	8 	34911 	Молодая рысь 	0 	
317 	15 	1 	2 	8 	35546 	Молодая рысь 	0 	
318 	15 	1 	3 	8 	36193 	Молодая рысь 	0 	
319 	15 	1 	4 	8 	36852 	Молодая рысь 	0 	
320 	15 	1 	5 	8 	37522 	Молодая рысь 	0 	
321 	15 	1 	6 	8 	38204 	Молодая рысь 	0 	
322 	15 	1 	7 	8 	38897 	Молодая рысь 	0 	
323 	15 	1 	8 	8 	39604 	Молодая рысь 	697030 	
324 	15 	2 	1 	8 	40322 	Рысь 	0 	
325 	15 	2 	2 	8 	41053 	Рысь 	0 	
326 	15 	2 	3 	8 	41797 	Рысь 	0 	
327 	15 	2 	4 	8 	42554 	Рысь 	0 	
328 	15 	2 	5 	8 	43325 	Рысь 	0 	
329 	15 	2 	6 	8 	44109 	Рысь 	0 	
330 	15 	2 	7 	8 	44906 	Рысь 	0 	
331 	15 	2 	8 	8 	45718 	Рысь 	804637 	
332 	15 	3 	1 	8 	46544 	Рысь-попрыгунья 	0 	
333 	15 	3 	2 	8 	47385 	Рысь-попрыгунья 	0 	
334 	15 	3 	3 	8 	48240 	Рысь-попрыгунья 	0 	
335 	15 	3 	4 	8 	49110 	Рысь-попрыгунья 	0 	
336 	15 	3 	5 	8 	49995 	Рысь-попрыгунья 	0 	
337 	15 	3 	6 	8 	50896 	Рысь-попрыгунья 	0 	
338 	15 	3 	7 	8 	51813 	Рысь-попрыгунья 	0 	
339 	15 	3 	8 	8 	52746 	Рысь-попрыгунья 	928330 	
340 	15 	4 	1 	8 	53695 	Сильныая рысь 	0 	
341 	15 	4 	2 	8 	54661 	Сильныая рысь 	0 	
342 	15 	4 	3 	8 	55643 	Сильныая рысь 	0 	
343 	15 	4 	4 	8 	56643 	Сильныая рысь 	0 	
344 	15 	4 	5 	8 	57660 	Сильныая рысь 	0 	
345 	15 	4 	6 	8 	58695 	Сильныая рысь 	0 	
346 	15 	4 	7 	8 	59748 	Сильныая рысь 	0 	
347 	15 	4 	8 	8 	60820 	Сильныая рысь 	1070432 	
348 	15 	5 	1 	8 	61910 	Крупная рысь 	0 	rb
349 	15 	5 	2 	8 	63019 	Крупная рысь 	0 	rb
350 	15 	5 	3 	8 	64148 	Крупная рысь 	0 	rb
351 	15 	5 	4 	8 	65296 	Крупная рысь 	0 	rb
352 	15 	5 	5 	8 	66464 	Крупная рысь 	0 	rb
353 	15 	5 	6 	8 	67653 	Крупная рысь 	0 	rb
354 	15 	5 	7 	8 	68862 	Крупная рысь 	0 	rb
355 	15 	5 	8 	8 	70093 	Крупная рысь 	1233637 	rb
356 	16 	1 	1 	9 	71345 	Молодая куропатка 	0 	
357 	16 	1 	2 	9 	72618 	Молодая куропатка 	0 	
358 	16 	1 	3 	9 	73914 	Молодая куропатка 	0 	
359 	16 	1 	4 	9 	75232 	Молодая куропатка 	0 	
360 	16 	1 	5 	9 	76573 	Молодая куропатка 	0 	
361 	16 	1 	6 	9 	77938 	Молодая куропатка 	0 	
362 	16 	1 	7 	9 	79326 	Молодая куропатка 	0 	
363 	16 	1 	8 	9 	80738 	Молодая куропатка 	0 	
364 	16 	1 	9 	9 	82175 	Молодая куропатка 	1701022 	
365 	16 	2 	1 	9 	83637 	Куропатка 	0 	
366 	16 	2 	2 	9 	85124 	Куропатка 	0 	
367 	16 	2 	3 	9 	86637 	Куропатка 	0 	
368 	16 	2 	4 	9 	88176 	Куропатка 	0 	
369 	16 	2 	5 	9 	89742 	Куропатка 	0 	
370 	16 	2 	6 	9 	91335 	Куропатка 	0 	
371 	16 	2 	7 	9 	92956 	Куропатка 	0 	
372 	16 	2 	8 	9 	94604 	Куропатка 	0 	
373 	16 	2 	9 	9 	96281 	Куропатка 	1993017 	
374 	16 	3 	1 	9 	97988 	Куропатка-экстремалка 	0 	
375 	16 	3 	2 	9 	99723 	Куропатка-экстремалка 	0 	
376 	16 	3 	3 	9 	101489 	Куропатка-экстремалка 	0 	
377 	16 	3 	4 	9 	103285 	Куропатка-экстремалка 	0 	
378 	16 	3 	5 	9 	105113 	Куропатка-экстремалка 	0 	
379 	16 	3 	6 	9 	106972 	Куропатка-экстремалка 	0 	
380 	16 	3 	7 	9 	108863 	Куропатка-экстремалка 	0 	
381 	16 	3 	8 	9 	110787 	Куропатка-экстремалка 	0 	
382 	16 	3 	9 	9 	112743 	Куропатка-экстремалка 	2333780 	
383 	16 	4 	1 	9 	114734 	Сильная куропатка 	0 	
384 	16 	4 	2 	9 	116759 	Сильная куропатка 	0 	
385 	16 	4 	3 	9 	118819 	Сильная куропатка 	0 	
386 	16 	4 	4 	9 	120915 	Сильная куропатка 	0 	
387 	16 	4 	5 	9 	123047 	Сильная куропатка 	0 	
388 	16 	4 	6 	9 	125215 	Сильная куропатка 	0 	
389 	16 	4 	7 	9 	127421 	Сильная куропатка 	0 	
390 	16 	4 	8 	9 	129664 	Сильная куропатка 	0 	
391 	16 	4 	9 	9 	131947 	Сильная куропатка 	2731303 	
392 	16 	5 	1 	9 	134269 	Вожак куропаток 	0 	rb
393 	16 	5 	2 	9 	136630 	Вожак куропаток 	0 	rb
394 	16 	5 	3 	9 	139033 	Вожак куропаток 	0 	rb
395 	16 	5 	4 	9 	141476 	Вожак куропаток 	0 	rb
396 	16 	5 	5 	9 	143962 	Вожак куропаток 	0 	rb
397 	16 	5 	6 	9 	146490 	Вожак куропаток 	0 	rb
398 	16 	5 	7 	9 	149062 	Вожак куропаток 	0 	rb
399 	16 	5 	8 	9 	151678 	Вожак куропаток 	0 	rb
400 	16 	5 	9 	9 	154339 	Вожак куропаток 	3194817 	rb
401 	17 	1 	1 	9 	157046 	Молодой сайгак 	0 	
402 	17 	1 	2 	9 	159799 	Молодой сайгак 	0 	
403 	17 	1 	3 	9 	162600 	Молодой сайгак 	0 	
404 	17 	1 	4 	9 	165448 	Молодой сайгак 	0 	
405 	17 	1 	5 	9 	168346 	Молодой сайгак 	0 	
406 	17 	1 	6 	9 	171293 	Молодой сайгак 	0 	
407 	17 	1 	7 	9 	174290 	Молодой сайгак 	0 	
408 	17 	1 	8 	9 	177339 	Молодой сайгак 	0 	
409 	17 	1 	9 	9 	180441 	Молодой сайгак 	3897526 	
410 	17 	2 	1 	9 	183595 	Сайгак-болтун 	0 	
411 	17 	2 	2 	9 	186804 	Сайгак-болтун 	0 	
412 	17 	2 	3 	9 	190067 	Сайгак-болтун 	0 	
413 	17 	2 	4 	9 	193386 	Сайгак-болтун 	0 	
414 	17 	2 	5 	9 	196762 	Сайгак-болтун 	0 	
415 	17 	2 	6 	9 	200196 	Сайгак-болтун 	0 	
416 	17 	2 	7 	9 	203689 	Сайгак-болтун 	0 	
417 	17 	2 	8 	9 	207241 	Сайгак-болтун 	0 	
418 	17 	2 	9 	9 	210854 	Сайгак-болтун 	4554446 	
419 	17 	3 	1 	9 	214529 	Сайгак 	0 	
420 	17 	3 	2 	9 	218266 	Сайгак 	0 	
421 	17 	3 	3 	9 	222068 	Сайгак 	0 	
422 	17 	3 	4 	9 	225934 	Сайгак 	0 	
423 	17 	3 	5 	9 	229867 	Сайгак 	0 	
424 	17 	3 	6 	9 	233866 	Сайгак 	0 	
425 	17 	3 	7 	9 	237934 	Сайгак 	0 	
426 	17 	3 	8 	9 	242071 	Сайгак 	0 	
427 	17 	3 	9 	9 	246279 	Сайгак 	5319626 	
428 	17 	4 	1 	9 	250559 	Сильный сайгак 	0 	
429 	17 	4 	2 	9 	254911 	Сильный сайгак 	0 	
430 	17 	4 	3 	9 	259338 	Сильный сайгак 	0 	
431 	17 	4 	4 	9 	263841 	Сильный сайгак 	0 	
432 	17 	4 	5 	9 	268419 	Сильный сайгак 	0 	
433 	17 	4 	6 	9 	273076 	Сильный сайгак 	0 	
434 	17 	4 	7 	9 	277813 	Сильный сайгак 	0 	
435 	17 	4 	8 	9 	282630 	Сильный сайгак 	0 	
436 	17 	4 	9 	9 	287529 	Сильный сайгак 	6210626 	
437 	17 	5 	1 	9 	292511 	Главный сайгак 	0 	rb
438 	17 	5 	2 	9 	297578 	Главный сайгак 	0 	rb
439 	17 	5 	3 	9 	302731 	Главный сайгак 	0 	rb
440 	17 	5 	4 	9 	307972 	Главный сайгак 	0 	rb
441 	17 	5 	5 	9 	313302 	Главный сайгак 	0 	rb
442 	17 	5 	6 	9 	318723 	Главный сайгак 	0 	rb
443 	17 	5 	7 	9 	324235 	Главный сайгак 	0 	rb
444 	17 	5 	8 	9 	329842 	Главный сайгак 	0 	rb
445 	17 	5 	9 	9 	335543 	Главный сайгак 	7247729 	rb
446 	18 	1 	1 	10 	341342 	Оленёнок 	0 	
447 	18 	1 	2 	10 	347239 	Оленёнок 	0 	
448 	18 	1 	3 	10 	353236 	Оленёнок 	0 	
449 	18 	1 	4 	10 	359335 	Оленёнок 	0 	
450 	18 	1 	5 	10 	365537 	Оленёнок 	0 	
451 	18 	1 	6 	10 	371845 	Оленёнок 	0 	
452 	18 	1 	7 	10 	378259 	Оленёнок 	0 	
453 	18 	1 	8 	10 	384783 	Оленёнок 	0 	
454 	18 	1 	9 	10 	391416 	Оленёнок 	0 	
455 	18 	1 	10 	10 	398163 	Оленёнок 	9954075 	
456 	18 	2 	1 	10 	405023 	Молодой олень 	0 	
457 	18 	2 	2 	10 	412000 	Молодой олень 	0 	
458 	18 	2 	3 	10 	419095 	Молодой олень 	0 	
459 	18 	2 	4 	10 	426311 	Молодой олень 	0 	
460 	18 	2 	5 	10 	433648 	Молодой олень 	0 	
461 	18 	2 	6 	10 	441109 	Молодой олень 	0 	
462 	18 	2 	7 	10 	448697 	Молодой олень 	0 	
463 	18 	2 	8 	10 	456414 	Молодой олень 	0 	
464 	18 	2 	9 	10 	464260 	Молодой олень 	0 	
465 	18 	2 	10 	10 	472240 	Молодой олень 	11806000 	
466 	18 	3 	1 	10 	480354 	Олень 	0 	
467 	18 	3 	2 	10 	488606 	Олень 	0 	
468 	18 	3 	3 	10 	496997 	Олень 	0 	
469 	18 	3 	4 	10 	505530 	Олень 	0 	
470 	18 	3 	5 	10 	514207 	Олень 	0 	
471 	18 	3 	6 	10 	523030 	Олень 	0 	
472 	18 	3 	7 	10 	532003 	Олень 	0 	
473 	18 	3 	8 	10 	541127 	Олень 	0 	
474 	18 	3 	9 	10 	550405 	Олень 	0 	
475 	18 	3 	10 	10 	559840 	Олень 	13996000 	
476 	18 	4 	1 	10 	569434 	Шустрый олень 	0 	
477 	18 	4 	2 	10 	579189 	Шустрый олень 	0 	
478 	18 	4 	3 	10 	589110 	Шустрый олень 	0 	
479 	18 	4 	4 	10 	599197 	Шустрый олень 	0 	
480 	18 	4 	5 	10 	609455 	Шустрый олень 	0 	
481 	18 	4 	6 	10 	619885 	Шустрый олень 	0 	
482 	18 	4 	7 	10 	630492 	Шустрый олень 	0 	
483 	18 	4 	8 	10 	641277 	Шустрый олень 	0 	
484 	18 	4 	9 	10 	652244 	Шустрый олень 	0 	
485 	18 	4 	10 	10 	663395 	Шустрый олень 	16584875 	
486 	18 	5 	1 	10 	674734 	Олень-вожак 	0 	rb
487 	18 	5 	2 	10 	686265 	Олень-вожак 	0 	rb
488 	18 	5 	3 	10 	697989 	Олень-вожак 	0 	rb
489 	18 	5 	4 	10 	709910 	Олень-вожак 	0 	rb
490 	18 	5 	5 	10 	722033 	Олень-вожак 	0 	rb
491 	18 	5 	6 	10 	734359 	Олень-вожак 	0 	rb
492 	18 	5 	7 	10 	746892 	Олень-вожак 	0 	rb
493 	18 	5 	8 	10 	759636 	Олень-вожак 	0 	rb
494 	18 	5 	9 	10 	772595 	Олень-вожак 	0 	rb
495 	18 	5 	10 	10 	785771 	Олень-вожак 	19644275 	rb
496 	19 	1 	1 	10 	799169 	 	0 	
497 	19 	1 	2 	10 	812792 	 	0 	
498 	19 	1 	3 	10 	826644 	 	0 	
499 	19 	1 	4 	10 	840728 	 	0 	
500 	19 	1 	5 	10 	855049 	 	0 	
501 	19 	1 	6 	10 	869611 	 	0 	
502 	19 	1 	7 	10 	884417 	 	0 	
503 	19 	1 	8 	10 	899471 	 	0 	
504 	19 	1 	9 	10 	914778 	 	0 	
505 	19 	1 	10 	10 	930342 	 	24188892 	
506 	19 	2 	1 	10 	946167 	 	0 	
507 	19 	2 	2 	10 	962258 	 	0 	
508 	19 	2 	3 	10 	978618 	 	0 	
509 	19 	2 	4 	10 	995253 	 	0 	
510 	19 	2 	5 	10 	1012166 	 	0 	
511 	19 	2 	6 	10 	1029363 	 	0 	
512 	19 	2 	7 	10 	1046848 	 	0 	
513 	19 	2 	8 	10 	1064626 	 	0 	
514 	19 	2 	9 	10 	1082702 	 	0 	
515 	19 	2 	10 	10 	1101080 	 	28628080 	
516 	19 	3 	1 	10 	1119767 	 	0 	
517 	19 	3 	2 	10 	1138766 	 	0 	
518 	19 	3 	3 	10 	1158083 	 	0 	
519 	19 	3 	4 	10 	1177723 	 	0 	
520 	19 	3 	5 	10 	1197692 	 	0 	
521 	19 	3 	6 	10 	1217996 	 	0 	
522 	19 	3 	7 	10 	1238638 	 	0 	
523 	19 	3 	8 	10 	1259626 	 	0 	
524 	19 	3 	9 	10 	1280965 	 	0 	
525 	19 	3 	10 	10 	1302661 	 	33869186 	
526 	19 	4 	1 	10 	1324720 	 	0 	
527 	19 	4 	2 	10 	1347147 	 	0 	
528 	19 	4 	3 	10 	1369948 	 	0 	
529 	19 	4 	4 	10 	1393131 	 	0 	
530 	19 	4 	5 	10 	1416701 	 	0 	
531 	19 	4 	6 	10 	1440665 	 	0 	
532 	19 	4 	7 	10 	1465029 	 	0 	
533 	19 	4 	8 	10 	1489799 	 	0 	
534 	19 	4 	9 	10 	1514983 	 	0 	
535 	19 	4 	10 	10 	1540588 	 	40055288 	
536 	19 	5 	1 	10 	1566619 	 	0 	rb
537 	19 	5 	2 	10 	1593085 	 	0 	rb
538 	19 	5 	3 	10 	1619993 	 	0 	rb
539 	19 	5 	4 	10 	1647349 	 	0 	rb
540 	19 	5 	5 	10 	1675161 	 	0 	rb
541 	19 	5 	6 	10 	1703437 	 	0 	rb
542 	19 	5 	7 	10 	1732185 	 	0 	rb
543 	19 	5 	8 	10 	1761411 	 	0 	rb
544 	19 	5 	9 	10 	1791125 	 	0 	rb
545 	19 	5 	10 	10 	1821334 	 	47354684 	rb
546 	20 	1 	1 	11 	1852046 	 	0 	
547 	20 	1 	2 	11 	1883269 	 	0 	
548 	20 	1 	3 	11 	1915013 	 	0 	
549 	20 	1 	4 	11 	1947285 	 	0 	
550 	20 	1 	5 	11 	1980095 	 	0 	
551 	20 	1 	6 	11 	2013450 	 	0 	
552 	20 	1 	7 	11 	2047361 	 	0 	
553 	20 	1 	8 	11 	2081836 	 	0 	
554 	20 	1 	9 	11 	2116885 	 	0 	
555 	20 	1 	10 	11 	2152516 	 	0 	
556 	20 	1 	11 	11 	2188741 	 	65005608 	
557 	20 	2 	1 	11 	2225567 	 	0 	
558 	20 	2 	2 	11 	2263006 	 	0 	
559 	20 	2 	3 	11 	2301068 	 	0 	
560 	20 	2 	4 	11 	2339762 	 	0 	
561 	20 	2 	5 	11 	2379099 	 	0 	
562 	20 	2 	6 	11 	2419090 	 	0 	
563 	20 	2 	7 	11 	2459746 	 	0 	
564 	20 	2 	8 	11 	2501076 	 	0 	
565 	20 	2 	9 	11 	2543093 	 	0 	
566 	20 	2 	10 	11 	2585808 	 	0 	
567 	20 	2 	11 	11 	2629233 	 	78088220 	
568 	20 	3 	1 	11 	2673378 	 	0 	
569 	20 	3 	2 	11 	2718256 	 	0 	
570 	20 	3 	3 	11 	2763878 	 	0 	
571 	20 	3 	4 	11 	2810258 	 	0 	
572 	20 	3 	5 	11 	2857408 	 	0 	
573 	20 	3 	6 	11 	2905339 	 	0 	
574 	20 	3 	7 	11 	2954066 	 	0 	
575 	20 	3 	8 	11 	3003600 	 	0 	
576 	20 	3 	9 	11 	3053956 	 	0 	
577 	20 	3 	10 	11 	3105147 	 	0 	
578 	20 	3 	11 	11 	3157187 	 	93768454 	
579 	20 	4 	1 	11 	3210089 	 	0 	
580 	20 	4 	2 	11 	3263867 	 	0 	
581 	20 	4 	3 	11 	3318537 	 	0 	
582 	20 	4 	4 	11 	3374113 	 	0 	
583 	20 	4 	5 	11 	3430609 	 	0 	
584 	20 	4 	6 	11 	3488041 	 	0 	
585 	20 	4 	7 	11 	3546423 	 	0 	
586 	20 	4 	8 	11 	3605773 	 	0 	
587 	20 	4 	9 	11 	3666105 	 	0 	
588 	20 	4 	10 	11 	3727436 	 	0 	
589 	20 	4 	11 	11 	3789782 	 	112556525 	
590 	20 	5 	1 	11 	3853159 	 	0 	rb
591 	20 	5 	2 	11 	3917585 	 	0 	rb
592 	20 	5 	3 	11 	3983077 	 	0 	rb
593 	20 	5 	4 	11 	4049652 	 	0 	rb
594 	20 	5 	5 	11 	4117329 	 	0 	rb
595 	20 	5 	6 	11 	4186124 	 	0 	rb
596 	20 	5 	7 	11 	4256057 	 	0 	rb
597 	20 	5 	8 	11 	4327146 	 	0 	rb
598 	20 	5 	9 	11 	4399410 	 	0 	rb
599 	20 	5 	10 	11 	4472868 	 	0 	rb
600 	20 	5 	11 	11 	4547541 	 	135061968 	rb
601 	21 	1 	1 	11 	4623447 	 	0 	
602 	21 	1 	2 	11 	4700607 	 	0 	
603 	21 	1 	3 	11 	4779041 	 	0 	
604 	21 	1 	4 	11 	4858771 	 	0 	
605 	21 	1 	5 	11 	4939818 	 	0 	
606 	21 	1 	6 	11 	5022203 	 	0 	
607 	21 	1 	7 	11 	5105947 	 	0 	
608 	21 	1 	8 	11 	5191075 	 	0 	
609 	21 	1 	9 	11 	5277607 	 	0 	
610 	21 	1 	10 	11 	5365567 	 	0 	
611 	21 	1 	11 	11 	5454978 	 	168013322 	
612 	21 	2 	1 	11 	5545865 	 	0 	
613 	21 	2 	2 	11 	5638251 	 	0 	
614 	21 	2 	3 	11 	5732160 	 	0 	
615 	21 	2 	4 	11 	5827618 	 	0 	
616 	21 	2 	5 	11 	5924651 	 	0 	
617 	21 	2 	6 	11 	6023282 	 	0 	
618 	21 	2 	7 	11 	6123540 	 	0 	
619 	21 	2 	8 	11 	6225451 	 	0 	
620 	21 	2 	9 	11 	6329041 	 	0 	
621 	21 	2 	10 	11 	6434337 	 	0 	
622 	21 	2 	11 	11 	6541369 	 	201474165 	
623 	21 	3 	1 	11 	6650164 	 	0 	
624 	21 	3 	2 	11 	6760751 	 	0 	
625 	21 	3 	3 	11 	6873160 	 	0 	
626 	21 	3 	4 	11 	6987419 	 	0 	
627 	21 	3 	5 	11 	7103560 	 	0 	
628 	21 	3 	6 	11 	7221612 	 	0 	
629 	21 	3 	7 	11 	7341608 	 	0 	
630 	21 	3 	8 	11 	7463580 	 	0 	
631 	21 	3 	9 	11 	7587558 	 	0 	
632 	21 	3 	10 	11 	7713576 	 	0 	
633 	21 	3 	11 	11 	7841668 	 	241523374 	
634 	21 	4 	1 	11 	7971867 	 	0 	
635 	21 	4 	2 	11 	8104208 	 	0 	
636 	21 	4 	3 	11 	8238725 	 	0 	
637 	21 	4 	4 	11 	8375454 	 	0 	
638 	21 	4 	5 	11 	8514431 	 	0 	
639 	21 	4 	6 	11 	8655693 	 	0 	
640 	21 	4 	7 	11 	8799277 	 	0 	
641 	21 	4 	8 	11 	8945222 	 	0 	
642 	21 	4 	9 	11 	9093565 	 	0 	
643 	21 	4 	10 	11 	9244345 	 	0 	
644 	21 	4 	11 	11 	9397603 	 	289446172 	
645 	21 	5 	1 	11 	9553378 	 	0 	rb
646 	21 	5 	2 	11 	9711712 	 	0 	rb
647 	21 	5 	3 	11 	9872647 	 	0 	rb
648 	21 	5 	4 	11 	10036225 	 	0 	rb
649 	21 	5 	5 	11 	10202489 	 	0 	rb
650 	21 	5 	6 	11 	10371482 	 	0 	rb
651 	21 	5 	7 	11 	10543250 	 	0 	rb
652 	21 	5 	8 	11 	10717837 	 	0 	rb
653 	21 	5 	9 	11 	10895289 	 	0 	rb
654 	21 	5 	10 	11 	11075654 	 	0 	rb
655 	21 	5 	11 	11 	11258978 	 	346776522 	rb
656 	22 	1 	1 	12 	11445310 	 	0 	
657 	22 	1 	2 	12 	11634698 	 	0 	
658 	22 	1 	3 	12 	11827193 	 	0 	
659 	22 	1 	4 	12 	12022845 	 	0 	
660 	22 	1 	5 	12 	12221706 	 	0 	
661 	22 	1 	6 	12 	12423827 	 	0 	
662 	22 	1 	7 	12 	12629262 	 	0 	
663 	22 	1 	8 	12 	12838064 	 	0 	
664 	22 	1 	9 	12 	13050289 	 	0 	
665 	22 	1 	10 	12 	13265992 	 	0 	
666 	22 	1 	11 	12 	13485230 	 	0 	
667 	22 	1 	12 	12 	13708061 	 	477040523 	
668 	22 	2 	1 	12 	13934542 	 	0 	
669 	22 	2 	2 	12 	14164733 	 	0 	
670 	22 	2 	3 	12 	14398694 	 	0 	
671 	22 	2 	4 	12 	14636488 	 	0 	
672 	22 	2 	5 	12 	14878175 	 	0 	
673 	22 	2 	6 	12 	15123820 	 	0 	
674 	22 	2 	7 	12 	15373487 	 	0 	
675 	22 	2 	8 	12 	15627240 	 	0 	
676 	22 	2 	9 	12 	15885148 	 	0 	
677 	22 	2 	10 	12 	16147276 	 	0 	
678 	22 	2 	11 	12 	16413694 	 	0 	
679 	22 	2 	12 	12 	16684472 	 	580619626 	
680 	22 	3 	1 	12 	16959680 	 	0 	
681 	22 	3 	2 	12 	17239390 	 	0 	
682 	22 	3 	3 	12 	17523675 	 	0 	
683 	22 	3 	4 	12 	17812610 	 	0 	
684 	22 	3 	5 	12 	18106270 	 	0 	
685 	22 	3 	6 	12 	18404733 	 	0 	
686 	22 	3 	7 	12 	18708075 	 	0 	
687 	22 	3 	8 	12 	19016376 	 	0 	
688 	22 	3 	9 	12 	19329717 	 	0 	
689 	22 	3 	10 	12 	19648180 	 	0 	
690 	22 	3 	11 	12 	19971848 	 	0 	
691 	22 	3 	12 	12 	20300804 	 	706467979 	
692 	22 	4 	1 	12 	20635136 	 	0 	
693 	22 	4 	2 	12 	20974930 	 	0 	
694 	22 	4 	3 	12 	21320274 	 	0 	
695 	22 	4 	4 	12 	21671260 	 	0 	
696 	22 	4 	5 	12 	22027979 	 	0 	
697 	22 	4 	6 	12 	22390522 	 	0 	
698 	22 	4 	7 	12 	22758986 	 	0 	
699 	22 	4 	8 	12 	23133466 	 	0 	
700 	22 	4 	9 	12 	23514060 	 	0 	
701 	22 	4 	10 	12 	23900866 	 	0 	
702 	22 	4 	11 	12 	24293986 	 	0 	
703 	22 	4 	12 	12 	24693521 	 	859334531 	
704 	22 	5 	1 	12 	25099577 	 	0 	rb
705 	22 	5 	2 	12 	25512258 	 	0 	rb
706 	22 	5 	3 	12 	25931673 	 	0 	rb
707 	22 	5 	4 	12 	26357929 	 	0 	rb
708 	22 	5 	5 	12 	26791139 	 	0 	rb
709 	22 	5 	6 	12 	27231414 	 	0 	rb
710 	22 	5 	7 	12 	27678869 	 	0 	rb
711 	22 	5 	8 	12 	28133621 	 	0 	rb
712 	22 	5 	9 	12 	28595788 	 	0 	rb
713 	22 	5 	10 	12 	29065490 	 	0 	rb
714 	22 	5 	11 	12 	29542849 	 	0 	rb
715 	22 	5 	12 	12 	30027989 	 	1044974017 	rb
716 	23 	1 	1 	12 	30521036 	 	0 	
717 	23 	1 	2 	12 	31022118 	 	0 	
718 	23 	1 	3 	12 	31531366 	 	0 	
719 	23 	1 	4 	12 	32048910 	 	0 	
720 	23 	1 	5 	12 	32574887 	 	0 	
721 	23 	1 	6 	12 	33109432 	 	0 	
722 	23 	1 	7 	12 	33652684 	 	0 	
723 	23 	1 	8 	12 	34204783 	 	0 	
724 	23 	1 	9 	12 	34765874 	 	0 	
725 	23 	1 	10 	12 	35336102 	 	0 	
726 	23 	1 	11 	12 	35915614 	 	0 	
727 	23 	1 	12 	12 	36504561 	 	1314164196 	
728 	23 	2 	1 	12 	37103095 	 	0 	
729 	23 	2 	2 	12 	37711372 	 	0 	
730 	23 	2 	3 	12 	38329548 	 	0 	
731 	23 	2 	4 	12 	38957785 	 	0 	
732 	23 	2 	5 	12 	39596245 	 	0 	
733 	23 	2 	6 	12 	40245094 	 	0 	
734 	23 	2 	7 	12 	40904498 	 	0 	
735 	23 	2 	8 	12 	41574630 	 	0 	
736 	23 	2 	9 	12 	42255662 	 	0 	
737 	23 	2 	10 	12 	42947771 	 	0 	
738 	23 	2 	11 	12 	43651135 	 	0 	
739 	23 	2 	12 	12 	44365937 	 	1597173732 	
740 	23 	3 	1 	12 	45092362 	 	0 	
741 	23 	3 	2 	12 	45830597 	 	0 	
742 	23 	3 	3 	12 	46580833 	 	0 	
743 	23 	3 	4 	12 	47343265 	 	0 	
744 	23 	3 	5 	12 	48118089 	 	0 	
745 	23 	3 	6 	12 	48905505 	 	0 	
746 	23 	3 	7 	12 	49705717 	 	0 	
747 	23 	3 	8 	12 	50518932 	 	0 	
748 	23 	3 	9 	12 	51345360 	 	0 	
749 	23 	3 	10 	12 	52185213 	 	0 	
750 	23 	3 	11 	12 	53038710 	 	0 	
751 	23 	3 	12 	12 	53906069 	 	1940618484 	
752 	23 	4 	1 	12 	54787516 	 	0 	
753 	23 	4 	2 	12 	55683278 	 	0 	
754 	23 	4 	3 	12 	56593584 	 	0 	
755 	23 	4 	4 	12 	57518672 	 	0 	
756 	23 	4 	5 	12 	58458778 	 	0 	
757 	23 	4 	6 	12 	59414146 	 	0 	
758 	23 	4 	7 	12 	60385022 	 	0 	
759 	23 	4 	8 	12 	61371656 	 	0 	
760 	23 	4 	9 	12 	62374302 	 	0 	
761 	23 	4 	10 	12 	63393219 	 	0 	
762 	23 	4 	11 	12 	64428670 	 	0 	
763 	23 	4 	12 	12 	65480920 	 	2357313120 	
764 	23 	5 	1 	12 	66550242 	 	0 	rb
765 	23 	5 	2 	12 	67636910 	 	0 	rb
766 	23 	5 	3 	12 	68741204 	 	0 	rb
767 	23 	5 	4 	12 	69863408 	 	0 	rb
768 	23 	5 	5 	12 	71003812 	 	0 	rb
769 	23 	5 	6 	12 	72162709 	 	0 	rb
770 	23 	5 	7 	12 	73340397 	 	0 	rb
771 	23 	5 	8 	12 	74537179 	 	0 	rb
772 	23 	5 	9 	12 	75753363 	 	0 	rb
773 	23 	5 	10 	12 	76989261 	 	0 	rb
774 	23 	5 	11 	12 	78245192 	 	0 	rb
775 	23 	5 	12 	12 	79521478 	 	2862773208 	rb
776 	24 	1 	1 	13 	80818448 	 	0 	
777 	24 	1 	2 	13 	82136435 	 	0 	
778 	24 	1 	3 	13 	83475776 	 	0 	
779 	24 	1 	4 	13 	84836818 	 	0 	
780 	24 	1 	5 	13 	86219908 	 	0 	
781 	24 	1 	6 	13 	87625403 	 	0 	
782 	24 	1 	7 	13 	89053664 	 	0 	
783 	24 	1 	8 	13 	90505056 	 	0 	
784 	24 	1 	9 	13 	91979954 	 	0 	
785 	24 	1 	10 	13 	93478734 	 	0 	
786 	24 	1 	11 	13 	95001782 	 	0 	
787 	24 	1 	12 	13 	96549490 	 	0 	
788 	24 	1 	13 	13 	98122253 	 	3954326796 	
789 	24 	2 	1 	13 	99720475 	 	0 	
790 	24 	2 	2 	13 	101344566 	 	0 	
791 	24 	2 	3 	13 	102994943 	 	0 	
792 	24 	2 	4 	13 	104672029 	 	0 	
793 	24 	2 	5 	13 	106376254 	 	0 	
794 	24 	2 	6 	13 	108108054 	 	0 	
795 	24 	2 	7 	13 	109867873 	 	0 	
796 	24 	2 	8 	13 	111656163 	 	0 	
797 	24 	2 	9 	13 	113473381 	 	0 	
798 	24 	2 	10 	13 	115319993 	 	0 	
799 	24 	2 	11 	13 	117196472 	 	0 	
800 	24 	2 	12 	13 	119103298 	 	0 	
801 	24 	2 	13 	13 	121040960 	 	4877950688 	
802 	24 	3 	1 	13 	123009953 	 	0 	
803 	24 	3 	2 	13 	125010782 	 	0 	
804 	24 	3 	3 	13 	127043958 	 	0 	
805 	24 	3 	4 	13 	129110003 	 	0 	
806 	24 	3 	5 	13 	131209444 	 	0 	
807 	24 	3 	6 	13 	133342818 	 	0 	
808 	24 	3 	7 	13 	135510672 	 	0 	
809 	24 	3 	8 	13 	137713559 	 	0 	
810 	24 	3 	9 	13 	139952042 	 	0 	
811 	24 	3 	10 	13 	142226695 	 	0 	
812 	24 	3 	11 	13 	144538098 	 	0 	
813 	24 	3 	12 	13 	146886842 	 	0 	
814 	24 	3 	13 	13 	149273527 	 	6015723138 	
815 	24 	4 	1 	13 	151698764 	 	0 	
816 	24 	4 	2 	13 	154163171 	 	0 	
817 	24 	4 	3 	13 	156667378 	 	0 	
818 	24 	4 	4 	13 	159212024 	 	0 	
819 	24 	4 	5 	13 	161797760 	 	0 	
820 	24 	4 	6 	13 	164425245 	 	0 	
821 	24 	4 	7 	13 	167095150 	 	0 	
822 	24 	4 	8 	13 	169808156 	 	0 	
823 	24 	4 	9 	13 	172564957 	 	0 	
824 	24 	4 	10 	13 	175366254 	 	0 	
825 	24 	4 	11 	13 	178212763 	 	0 	
826 	24 	4 	12 	13 	181105210 	 	0 	
827 	24 	4 	13 	13 	184044333 	 	7416986620 	
828 	24 	5 	1 	13 	187030881 	 	0 	rb
829 	24 	5 	2 	13 	190065615 	 	0 	rb
830 	24 	5 	3 	13 	193149309 	 	0 	rb
831 	24 	5 	4 	13 	196282750 	 	0 	rb
832 	24 	5 	5 	13 	199466734 	 	0 	rb
833 	24 	5 	6 	13 	202702075 	 	0 	rb
834 	24 	5 	7 	13 	205989596 	 	0 	rb
835 	24 	5 	8 	13 	209330135 	 	0 	rb
836 	24 	5 	9 	13 	212724542 	 	0 	rb
837 	24 	5 	10 	13 	216173682 	 	0 	rb
838 	24 	5 	11 	13 	219678434 	 	0 	rb
839 	24 	5 	12 	13 	223239689 	 	0 	rb
840 	24 	5 	13 	13 	226858353 	 	9142391626 	rb
841 	25 	1 	1 	13 	230535349 	 	0 	
842 	25 	1 	2 	13 	234271612 	 	0 	
843 	25 	1 	3 	13 	238068092 	 	0 	
844 	25 	1 	4 	13 	241925755 	 	0 	
845 	25 	1 	5 	13 	245845583 	 	0 	
846 	25 	1 	6 	13 	249828572 	 	0 	
847 	25 	1 	7 	13 	253875736 	 	0 	
848 	25 	1 	8 	13 	257988103 	 	0 	
849 	25 	1 	9 	13 	262166720 	 	0 	
850 	25 	1 	10 	13 	266412647 	 	0 	
851 	25 	1 	11 	13 	270726965 	 	0 	
852 	25 	1 	12 	13 	275110769 	 	0 	
853 	25 	1 	13 	13 	279565174 	 	11629911238 	
854 	25 	2 	1 	13 	284091311 	 	0 	
855 	25 	2 	2 	13 	288690331 	 	0 	
856 	25 	2 	3 	13 	293363400 	 	0 	
857 	25 	2 	4 	13 	298111706 	 	0 	
858 	25 	2 	5 	13 	302936454 	 	0 	
859 	25 	2 	6 	13 	307838870 	 	0 	
860 	25 	2 	7 	13 	312820197 	 	0 	
861 	25 	2 	8 	13 	317881701 	 	0 	
862 	25 	2 	9 	13 	323024665 	 	0 	
863 	25 	2 	10 	13 	328250395 	 	0 	
864 	25 	2 	11 	13 	333560216 	 	0 	
865 	25 	2 	12 	13 	338955475 	 	0 	
866 	25 	2 	13 	13 	344437541 	 	14328601706 	
867 	25 	3 	1 	13 	350007804 	 	0 	
868 	25 	3 	2 	13 	355667676 	 	0 	
869 	25 	3 	3 	13 	361418593 	 	0 	
870 	25 	3 	4 	13 	367262012 	 	0 	
871 	25 	3 	5 	13 	373199415 	 	0 	
872 	25 	3 	6 	13 	379232305 	 	0 	
873 	25 	3 	7 	13 	385362213 	 	0 	
874 	25 	3 	8 	13 	391590690 	 	0 	
875 	25 	3 	9 	13 	397919316 	 	0 	
876 	25 	3 	10 	13 	404349692 	 	0 	
877 	25 	3 	11 	13 	410883447 	 	0 	
878 	25 	3 	12 	13 	417522237 	 	0 	
879 	25 	3 	13 	13 	424267741 	 	17649538026 	
880 	25 	4 	1 	13 	431121669 	 	0 	
881 	25 	4 	2 	13 	438085753 	 	0 	
882 	25 	4 	3 	13 	445161758 	 	0 	
883 	25 	4 	4 	13 	452351474 	 	0 	
884 	25 	4 	5 	13 	459656720 	 	0 	
885 	25 	4 	6 	13 	467079344 	 	0 	
886 	25 	4 	7 	13 	474621224 	 	0 	
887 	25 	4 	8 	13 	482284267 	 	0 	
888 	25 	4 	9 	13 	490070412 	 	0 	
889 	25 	4 	10 	13 	497981628 	 	0 	
890 	25 	4 	11 	13 	506019914 	 	0 	
891 	25 	4 	12 	13 	514187303 	 	0 	
892 	25 	4 	13 	13 	522485859 	 	21735411734 	
893 	25 	5 	1 	13 	530917679 	 	0 	rb
894 	25 	5 	2 	13 	539484895 	 	0 	rb
895 	25 	5 	3 	13 	548189671 	 	0 	rb
896 	25 	5 	4 	13 	557034206 	 	0 	rb
897 	25 	5 	5 	13 	566020735 	 	0 	rb
898 	25 	5 	6 	13 	575151526 	 	0 	rb
899 	25 	5 	7 	13 	584428887 	 	0 	rb
900 	25 	5 	8 	13 	593855159 	 	0 	rb
901 	25 	5 	9 	13 	603432723 	 	0 	rb
902 	25 	5 	10 	13 	613163997 	 	0 	rb
903 	25 	5 	11 	13 	623051436 	 	0 	rb
904 	25 	5 	12 	13 	633097537 	 	0 	rb
905 	25 	5 	13 	13 	643304834 	 	26761481094 	rb
906 	26 	1 	1 	14 	653675903 	 	0 	
907 	26 	1 	2 	14 	664213361 	 	0 	
908 	26 	1 	3 	14 	674919865 	 	0 	
909 	26 	1 	4 	14 	685798116 	 	0 	
910 	26 	1 	5 	14 	696850858 	 	0 	
911 	26 	1 	6 	14 	708080878 	 	0 	
912 	26 	1 	7 	14 	719491006 	 	0 	
913 	26 	1 	8 	14 	731084121 	 	0 	
914 	26 	1 	9 	14 	742863143 	 	0 	
915 	26 	1 	10 	14 	754831042 	 	0 	
916 	26 	1 	11 	14 	766990834 	 	0 	
917 	26 	1 	12 	14 	779345583 	 	0 	
918 	26 	1 	13 	14 	791898401 	 	0 	
919 	26 	1 	14 	14 	804652451 	 	37174943236 	
920 	26 	2 	1 	14 	817610945 	 	0 	
921 	26 	2 	2 	14 	830777148 	 	0 	
922 	26 	2 	3 	14 	844154373 	 	0 	
923 	26 	2 	4 	14 	857745991 	 	0 	
924 	26 	2 	5 	14 	871555423 	 	0 	
925 	26 	2 	6 	14 	885586145 	 	0 	
926 	26 	2 	7 	14 	899841688 	 	0 	
927 	26 	2 	8 	14 	914325641 	 	0 	
928 	26 	2 	9 	14 	929041648 	 	0 	
929 	26 	2 	10 	14 	943993412 	 	0 	
930 	26 	2 	11 	14 	959184695 	 	0 	
931 	26 	2 	12 	14 	974619317 	 	0 	
932 	26 	2 	13 	14 	990301162 	 	0 	
933 	26 	2 	14 	14 	1006234173 	 	46488018793 	
934 	26 	3 	1 	14 	1022422356 	 	0 	
935 	26 	3 	2 	14 	1038869782 	 	0 	
936 	26 	3 	3 	14 	1055580586 	 	0 	
937 	26 	3 	4 	14 	1072558968 	 	0 	
938 	26 	3 	5 	14 	1089809196 	 	0 	
939 	26 	3 	6 	14 	1107335605 	 	0 	
940 	26 	3 	7 	14 	1125142599 	 	0 	
941 	26 	3 	8 	14 	1143234653 	 	0 	
942 	26 	3 	9 	14 	1161616311 	 	0 	
943 	26 	3 	10 	14 	1180292191 	 	0 	
944 	26 	3 	11 	14 	1199266984 	 	0 	
945 	26 	3 	12 	14 	1218545455 	 	0 	
946 	26 	3 	13 	14 	1238132445 	 	0 	
947 	26 	3 	14 	14 	1258032871 	 	58121118640 	
948 	26 	4 	1 	14 	1278251731 	 	0 	
949 	26 	4 	2 	14 	1298794100 	 	0 	
950 	26 	4 	3 	14 	1319665132 	 	0 	
951 	26 	4 	4 	14 	1340870067 	 	0 	
952 	26 	4 	5 	14 	1362414226 	 	0 	
953 	26 	4 	6 	14 	1384303013 	 	0 	
954 	26 	4 	7 	14 	1406541921 	 	0 	
955 	26 	4 	8 	14 	1429136528 	 	0 	
956 	26 	4 	9 	14 	1452092501 	 	0 	
957 	26 	4 	10 	14 	1475415597 	 	0 	
958 	26 	4 	11 	14 	1499111666 	 	0 	
959 	26 	4 	12 	14 	1523186648 	 	0 	
960 	26 	4 	13 	14 	1547646580 	 	0 	
961 	26 	4 	14 	14 	1572497592 	 	72649388750 	
962 	26 	5 	1 	14 	1597745915 	 	0 	rb
963 	26 	5 	2 	14 	1623397875 	 	0 	rb
964 	26 	5 	3 	14 	1649459901 	 	0 	rb
965 	26 	5 	4 	14 	1675938523 	 	0 	rb
966 	26 	5 	5 	14 	1702840376 	 	0 	rb
967 	26 	5 	6 	14 	1730172198 	 	0 	rb
968 	26 	5 	7 	14 	1757940836 	 	0 	rb
969 	26 	5 	8 	14 	1786153243 	 	0 	rb
970 	26 	5 	9 	14 	1814816487 	 	0 	rb
971 	26 	5 	10 	14 	1843937743 	 	0 	rb
972 	26 	5 	11 	14 	1873524304 	 	0 	rb
973 	26 	5 	12 	14 	1903583575 	 	0 	rb
974 	26 	5 	13 	14 	1934123081 	 	0 	rb
975 	26 	5 	14 	14 	1965150466 	 	90789951529 	rb
976 	27 	1 	1 	14 	1996673495 	 	0 	
977 	27 	1 	2 	14 	2028700056 	 	0 	
978 	27 	1 	3 	14 	2061238162 	 	0 	
979 	27 	1 	4 	14 	2094295954 	 	0 	
980 	27 	1 	5 	14 	2127881702 	 	0 	
981 	27 	1 	6 	14 	2162003805 	 	0 	
982 	27 	1 	7 	14 	2196670797 	 	0 	
983 	27 	1 	8 	14 	2231891349 	 	0 	
984 	27 	1 	9 	14 	2267674266 	 	0 	
985 	27 	1 	10 	14 	2304028495 	 	0 	
986 	27 	1 	11 	14 	2340963125 	 	0 	
987 	27 	1 	12 	14 	2378487387 	 	0 	
988 	27 	1 	13 	14 	2416610660 	 	0 	
989 	27 	1 	14 	14 	2455342471 	 	116874301620 	
990 	27 	2 	1 	14 	2494692500 	 	0 	
991 	27 	2 	2 	14 	2534670577 	 	0 	
992 	27 	2 	3 	14 	2575286691 	 	0 	
993 	27 	2 	4 	14 	2616550987 	 	0 	
994 	27 	2 	5 	14 	2658473773 	 	0 	
995 	27 	2 	6 	14 	2701065518 	 	0 	
996 	27 	2 	7 	14 	2744336859 	 	0 	
997 	27 	2 	8 	14 	2788298601 	 	0 	
998 	27 	2 	9 	14 	2832961719 	 	0 	
999 	27 	2 	10 	14 	2878337363 	 	0 	
1000 	27 	2 	11 	14 	2924436860 	 	0 	
1001 	27 	2 	12 	14 	2971271717 	 	0 	
1002 	27 	2 	13 	14 	3018853620 	 	0 	
1003 	27 	2 	14 	14 	3067194445 	 	145998455582 	
1004 	27 	3 	1 	14 	3116306252 	 	0 	
1005 	27 	3 	2 	14 	3166201295 	 	0 	
1006 	27 	3 	3 	14 	3216892021 	 	0 	
1007 	27 	3 	4 	14 	3268391072 	 	0 	
1008 	27 	3 	5 	14 	3320711295 	 	0 	
1009 	27 	3 	6 	14 	3373865736 	 	0 	
1010 	27 	3 	7 	14 	3427867650 	 	0 	
1011 	27 	3 	8 	14 	3482730502 	 	0 	
1012 	27 	3 	9 	14 	3538467970 	 	0 	
1013 	27 	3 	10 	14 	3595093947 	 	0 	
1014 	27 	3 	11 	14 	3652622548 	 	0 	
1015 	27 	3 	12 	14 	3711068111 	 	0 	
1016 	27 	3 	13 	14 	3770445201 	 	0 	
1017 	27 	3 	14 	14 	3830768613 	 	182344585979 	
1018 	27 	4 	1 	14 	3892053377 	 	0 	
1019 	27 	4 	2 	14 	3954314761 	 	0 	
1020 	27 	4 	3 	14 	4017568275 	 	0 	
1021 	27 	4 	4 	14 	4081829674 	 	0 	
1022 	27 	4 	5 	14 	4147114961 	 	0 	
1023 	27 	4 	6 	14 	4213440396 	 	0 	
1024 	27 	4 	7 	14 	4280822492 	 	0 	
1025 	27 	4 	8 	14 	4349278028 	 	0 	
1026 	27 	4 	9 	14 	4418824044 	 	0 	
1027 	27 	4 	10 	14 	4489477854 	 	0 	
1028 	27 	4 	11 	14 	4561257042 	 	0 	
1029 	27 	4 	12 	14 	4634179473 	 	0 	
1030 	27 	4 	13 	14 	4708263295 	 	0 	
1031 	27 	4 	14 	14 	4783526941 	 	227695882392 	
1032 	27 	5 	1 	14 	4859989137 	 	0 	rb
1033 	27 	5 	2 	14 	4937668905 	 	0 	rb
1034 	27 	5 	3 	14 	5016585569 	 	0 	rb
1035 	27 	5 	4 	14 	5096758757 	 	0 	rb
1036 	27 	5 	5 	14 	5178208409 	 	0 	rb
1037 	27 	5 	6 	14 	5260954780 	 	0 	rb
1038 	27 	5 	7 	14 	5345018445 	 	0 	rb
1039 	27 	5 	8 	14 	5430420305 	 	0 	rb
1040 	27 	5 	9 	14 	5517181592 	 	0 	rb
1041 	27 	5 	10 	14 	5605323873 	 	0 	rb
1042 	27 	5 	11 	14 	5694869056 	 	0 	rb
1043 	27 	5 	12 	14 	5785839397 	 	0 	rb
1044 	27 	5 	13 	14 	5878257503 	 	0 	rb
1045 	27 	5 	14 	14 	5972146338 	 	284274165689 	rb
1046 	28 	1 	1 	15 	6067529230 	 	0 	
1047 	28 	1 	2 	15 	6164429876 	 	0 	
1048 	28 	1 	3 	15 	6262872348 	 	0 	
1049 	28 	1 	4 	15 	6362881097 	 	0 	
1050 	28 	1 	5 	15 	6464480962 	 	0 	
1051 	28 	1 	6 	15 	6567697174 	 	0 	
1052 	28 	1 	7 	15 	6672555365 	 	0 	
1053 	28 	1 	8 	15 	6779081570 	 	0 	
1054 	28 	1 	9 	15 	6887302236 	 	0 	
1055 	28 	1 	10 	15 	6997244228 	 	0 	
1056 	28 	1 	11 	15 	7108934838 	 	0 	
1057 	28 	1 	12 	15 	7222401785 	 	0 	
1058 	28 	1 	13 	15 	7337673231 	 	0 	
1059 	28 	1 	14 	15 	7454777780 	 	0 	
1060 	28 	1 	15 	15 	7573744488 	 	397621585620 	
1061 	28 	2 	1 	15 	7694602873 	 	0 	
1062 	28 	2 	2 	15 	7817382917 	 	0 	
1063 	28 	2 	3 	15 	7942115077 	 	0 	
1064 	28 	2 	4 	15 	8068830290 	 	0 	
1065 	28 	2 	5 	15 	8197559984 	 	0 	
1066 	28 	2 	6 	15 	8328336082 	 	0 	
1067 	28 	2 	7 	15 	8461191011 	 	0 	
1068 	28 	2 	8 	15 	8596157713 	 	0 	
1069 	28 	2 	9 	15 	8733269648 	 	0 	
1070 	28 	2 	10 	15 	8872560806 	 	0 	
1071 	28 	2 	11 	15 	9014065713 	 	0 	
1072 	28 	2 	12 	15 	9157819440 	 	0 	
1073 	28 	2 	13 	15 	9303857615 	 	0 	
1074 	28 	2 	14 	15 	9452216426 	 	0 	
1075 	28 	2 	15 	15 	9602932633 	 	504153963233 	
1076 	28 	3 	1 	15 	9756043577 	 	0 	
1077 	28 	3 	2 	15 	9911587190 	 	0 	
1078 	28 	3 	3 	15 	10069602002 	 	0 	
1079 	28 	3 	4 	15 	10230127151 	 	0 	
1080 	28 	3 	5 	15 	10393202393 	 	0 	
1081 	28 	3 	6 	15 	10558868115 	 	0 	
1082 	28 	3 	7 	15 	10727165337 	 	0 	
1083 	28 	3 	8 	15 	10898135731 	 	0 	
1084 	28 	3 	9 	15 	11071821625 	 	0 	
1085 	28 	3 	10 	15 	11248266015 	 	0 	
1086 	28 	3 	11 	15 	11427512576 	 	0 	
1087 	28 	3 	12 	15 	11609605675 	 	0 	
1088 	28 	3 	13 	15 	11794590376 	 	0 	
1089 	28 	3 	14 	15 	11982512457 	 	0 	
1090 	28 	3 	15 	15 	12173418418 	 	639104466945 	
1091 	28 	4 	1 	15 	12367355492 	 	0 	
1092 	28 	4 	2 	15 	12564371659 	 	0 	
1093 	28 	4 	3 	15 	12764515657 	 	0 	
1094 	28 	4 	4 	15 	12967836990 	 	0 	
1095 	28 	4 	5 	15 	13174385948 	 	0 	
1096 	28 	4 	6 	15 	13384213611 	 	0 	
1097 	28 	4 	7 	15 	13597371867 	 	0 	
1098 	28 	4 	8 	15 	13813913422 	 	0 	
1099 	28 	4 	9 	15 	14033891816 	 	0 	
1100 	28 	4 	10 	15 	14257361431 	 	0 	
1101 	28 	4 	11 	15 	14484377509 	 	0 	
1102 	28 	4 	12 	15 	14714996162 	 	0 	
1103 	28 	4 	13 	15 	14949274391 	 	0 	
1104 	28 	4 	14 	15 	15187270092 	 	0 	
1105 	28 	4 	15 	15 	15429042077 	 	810024709043 	
1106 	28 	5 	1 	15 	15674650086 	 	0 	rb
1107 	28 	5 	2 	15 	15924154801 	 	0 	rb
1108 	28 	5 	3 	15 	16177617861 	 	0 	rb
1109 	28 	5 	4 	15 	16435101879 	 	0 	rb
1110 	28 	5 	5 	15 	16696670452 	 	0 	rb
1111 	28 	5 	6 	15 	16962388185 	 	0 	rb
1112 	28 	5 	7 	15 	17232320699 	 	0 	rb
1113 	28 	5 	8 	15 	17506534651 	 	0 	rb
1114 	28 	5 	9 	15 	17785097750 	 	0 	rb
1115 	28 	5 	10 	15 	18068078771 	 	0 	rb
1116 	28 	5 	11 	15 	18355547576 	 	0 	rb
1117 	28 	5 	12 	15 	18647575127 	 	0 	rb
1118 	28 	5 	13 	15 	18944233507 	 	0 	rb
1119 	28 	5 	14 	15 	19245595933 	 	0 	rb
1120 	28 	5 	15 	15 	19551736780 	 	1026466180950 	rb
1121 	29 	1 	1 	15 	19862731593 	 	0 	
1122 	29 	1 	2 	15 	20178657110 	 	0 	
1123 	29 	1 	3 	15 	20499591278 	 	0 	
1124 	29 	1 	4 	15 	20825613273 	 	0 	
1125 	29 	1 	5 	15 	21156803519 	 	0 	
1126 	29 	1 	6 	15 	21493243710 	 	0 	
1127 	29 	1 	7 	15 	21835016826 	 	0 	
1128 	29 	1 	8 	15 	22182207156 	 	0 	
1129 	29 	1 	9 	15 	22534900317 	 	0 	
1130 	29 	1 	10 	15 	22893183276 	 	0 	
1131 	29 	1 	11 	15 	23257144371 	 	0 	
1132 	29 	1 	12 	15 	23626873333 	 	0 	
1133 	29 	1 	13 	15 	24002461306 	 	0 	
1134 	29 	1 	14 	15 	24384000872 	 	0 	
1135 	29 	1 	15 	15 	24771586071 	 	1337665647834 	
1136 	29 	2 	1 	15 	25165312426 	 	0 	
1137 	29 	2 	2 	15 	25565276964 	 	0 	
1138 	29 	2 	3 	15 	25971578244 	 	0 	
1139 	29 	2 	4 	15 	26384316374 	 	0 	
1140 	29 	2 	5 	15 	26803593044 	 	0 	
1141 	29 	2 	6 	15 	27229511542 	 	0 	
1142 	29 	2 	7 	15 	27662176786 	 	0 	
1143 	29 	2 	8 	15 	28101695348 	 	0 	
1144 	29 	2 	9 	15 	28548175478 	 	0 	
1145 	29 	2 	10 	15 	29001727129 	 	0 	
1146 	29 	2 	11 	15 	29462461991 	 	0 	
1147 	29 	2 	12 	15 	29930493509 	 	0 	
1148 	29 	2 	13 	15 	30405936920 	 	0 	
1149 	29 	2 	14 	15 	30888909271 	 	0 	
1150 	29 	2 	15 	15 	31379529458 	 	1694494590732 	
1151 	29 	3 	1 	15 	31877918245 	 	0 	
1152 	29 	3 	2 	15 	32384198302 	 	0 	
1153 	29 	3 	3 	15 	32898494229 	 	0 	
1154 	29 	3 	4 	15 	33420932590 	 	0 	
1155 	29 	3 	5 	15 	33951641939 	 	0 	
1156 	29 	3 	6 	15 	34490752860 	 	0 	
1157 	29 	3 	7 	15 	35038397988 	 	0 	
1158 	29 	3 	8 	15 	35594712052 	 	0 	
1159 	29 	3 	9 	15 	36159831897 	 	0 	
1160 	29 	3 	10 	15 	36733896528 	 	0 	
1161 	29 	3 	11 	15 	37317047135 	 	0 	
1162 	29 	3 	12 	15 	37909427134 	 	0 	
1163 	29 	3 	13 	15 	38511182197 	 	0 	
1164 	29 	3 	14 	15 	39122460291 	 	0 	
1165 	29 	3 	15 	15 	39743411712 	 	2146144232448 	
1166 	29 	4 	1 	15 	40374189122 	 	0 	
1167 	29 	4 	2 	15 	41014947587 	 	0 	
1168 	29 	4 	3 	15 	41665844613 	 	0 	
1169 	29 	4 	4 	15 	42327040186 	 	0 	
1170 	29 	4 	5 	15 	42998696812 	 	0 	
1171 	29 	4 	6 	15 	43680979552 	 	0 	
1172 	29 	4 	7 	15 	44374056068 	 	0 	
1173 	29 	4 	8 	15 	45078096659 	 	0 	
1174 	29 	4 	9 	15 	45793274305 	 	0 	
1175 	29 	4 	10 	15 	46519764709 	 	0 	
1176 	29 	4 	11 	15 	47257746338 	 	0 	
1177 	29 	4 	12 	15 	48007400469 	 	0 	
1178 	29 	4 	13 	15 	48768911231 	 	0 	
1179 	29 	4 	14 	15 	49542465650 	 	0 	
1180 	29 	4 	15 	15 	50328253698 	 	2717725699692 	
1181 	29 	5 	1 	15 	51126468331 	 	0 	rb
1182 	29 	5 	2 	15 	51937305547 	 	0 	rb
1183 	29 	5 	3 	15 	52760964424 	 	0 	rb
1184 	29 	5 	4 	15 	53597647174 	 	0 	rb
1185 	29 	5 	5 	15 	54447559189 	 	0 	rb
1186 	29 	5 	6 	15 	55310909093 	 	0 	rb
1187 	29 	5 	7 	15 	56187908794 	 	0 	rb
1188 	29 	5 	8 	15 	57078773532 	 	0 	rb
1189 	29 	5 	9 	15 	57983721932 	 	0 	rb
1190 	29 	5 	10 	15 	58902976060 	 	0 	rb
1191 	29 	5 	11 	15 	59836761475 	 	0 	rb
1192 	29 	5 	12 	15 	60785307282 	 	0 	rb
1193 	29 	5 	13 	15 	61748846193 	 	0 	rb
1194 	29 	5 	14 	15 	62727614576 	 	0 	rb
1195 	29 	5 	15 	15 	63721852521 	 	3440980036134 	rb
